All postions taken at each second
------------------------------------------------------------------------------------

(250.0, 6.0, 250.0)
(250.0, 6.0, 250.0)
(247.3, 6.0, 250.0)
(246.3, 6.0, 250.0)
(244.7, 6.0, 250.0)
(244.0, 6.0, 250.0)
(243.4, 6.0, 250.0)
(242.2, 6.0, 250.0)
(240.8, 6.0, 250.0)
(239.3, 6.0, 250.0)
(238.0, 6.0, 250.0)
(236.5, 6.0, 250.0)
(235.1, 6.0, 250.0)
(233.7, 6.0, 250.0)
(232.2, 6.0, 250.0)
(230.5, 6.0, 250.0)
(229.0, 6.0, 250.2)
(227.2, 6.0, 250.6)
(226.0, 6.0, 251.0)
(224.7, 6.0, 251.7)
(223.3, 6.0, 252.8)
(222.3, 6.0, 254.0)
(221.5, 6.0, 255.1)
(220.9, 6.0, 256.4)
(220.5, 6.0, 257.9)
------------------------------------------------------------------------------------

TIME TAKEN :--
	0 min 18 sec

